Output from NeEstimator v2.1
Starting time: Wed Jan 21 21:19:27 2026

Mating Model: Random

Lowest allele frequencies used, ordered in each population:
    0.1000    0.0500    0.0200    0.0000
Input Names are shown up to 17 righmost characters.
Up to 17 righmost characters can be shown for population names.
------------------------------------------------------------------------------------------------------------------------------------------------------------
Input File Number   #Loci  Population #   Samp  Crit.  Weighted      #Indep.    r^2     Exp(r^2)       Ne^                 CIs for Ne^
then :Name                 then :Name     Size  Value  H. Mean       Alleles            Sample                    Parametric       Jackknife Samp  (Eff.df)
------------------------------------------------------------------------------------------------------------------------------------------------------------
1:genepop.gen         935
-------------------------
                           1:AME08         30  0.1000     27.3      223591  0.040502  0.040145      852.5     515.5    2552.0     176.4  Infinite      7040
                                               0.0500     27.4      313754  0.040126  0.039875     1319.4     683.5    5878.3     200.3  Infinite      7984
                                               0.0200     27.4      346820  0.040124  0.039915     1193.4     771.0   14749.1     208.3  Infinite      8195
                                               0.0000     27.5      395497  0.040056  0.039629      837.2     507.8    1223.2     184.1  Infinite      8522
                           2:CAN08         39  0.1000     37.9      325887  0.028951  0.028422      577.9     495.2     854.5     398.1    1446.4     70874
                                               0.0500     38.0      380554  0.028815  0.028302      698.7     516.9     867.5     421.0    1382.3     85259
                                               0.0200     37.9      403374  0.028930  0.028508      746.8     605.5    1123.5     483.6    2066.1     93248
                                               0.0000     38.0      410764  0.028793  0.028402      776.0     643.3    1244.2     509.8    2458.9     95780
                           3:DAB34         30  0.1000     28.3      201341  0.040846  0.039112      177.0     153.2     205.9      96.7     752.9      6934
                                               0.0500     28.4      318011  0.041647  0.038927      111.4     103.5     120.7      71.3     235.0      6277
                                               0.0200     28.5      371315  0.041824  0.038767      100.3      93.1     105.7      66.4     183.1      6605
                                               0.0000     28.5      414267  0.041938  0.038859       95.3      92.8     104.5      65.5     184.3      6333
                           4:FYB54         30  0.1000     27.4      204205  0.042280  0.040406      161.4     142.6     189.0      80.5    2562.0      4191
                                               0.0500     27.6      301781  0.042770  0.040053      112.2     103.3     121.4      67.6     280.8      5007
                                               0.0200     27.7      346081  0.042872  0.040039      104.2      99.7     115.3      66.1     250.6      5130
                                               0.0000     27.8      394356  0.042837  0.039764      102.9      92.7     105.1      62.7     209.1      5123
                           5:INC02         39  0.1000     38.5      183975  0.028956  0.028047      369.3     301.7     458.9     290.7     486.0    124107
                                               0.0500     38.5      251946  0.028696  0.028047      513.5     410.5     677.0     387.2     749.8    148423
                                               0.0200     38.5      304993  0.028686  0.028198      586.3     524.9     965.3     481.6    1151.6    157899
                                               0.0000     38.5      352884  0.028574  0.028093      670.9     540.1     955.4     501.5    1102.6    193421
                           6:ISC02         38  0.1000     37.3      180412  0.029695  0.029041      467.4     390.7     720.9     314.3    1269.5     43268
                                               0.0500     37.3      249353  0.029584  0.029025      611.1     458.3     840.4     361.5    1600.3     53555
                                               0.0200     37.3      313393  0.029443  0.028971      724.7     537.2    1018.6     415.7    2202.6     63730
                                               0.0000     37.3      356231  0.029380  0.029042      910.7     699.4    1645.6     525.3    6816.6     78014
                           7:ISO02         39  0.1000     38.5      170925  0.028505  0.028044      719.4     508.3    1228.6     444.2    1856.0     77550
                                               0.0500     38.5      241542  0.029013  0.028113      356.4     311.3     450.6     234.8     822.2     25728
                                               0.0200     38.6      298802  0.028841  0.027956      423.4     321.0     448.8     278.2     567.5     70024
                                               0.0000     38.6      361364  0.028752  0.027958      457.7     357.2     500.9     302.0     667.0     71074
                           8:KAP08         30  0.1000     28.9      226586  0.039236  0.038341      326.3     272.2     459.8     153.8  Infinite     10461
                                               0.0500     29.0      332223  0.038930  0.038173      394.9     324.3     538.3     180.0  Infinite     13704
                                               0.0200     29.0      367652  0.038856  0.038279      455.3     405.9     767.5     207.0  Infinite     14886
                                               0.0000     29.0      405507  0.038641  0.038072      537.3     415.9     766.2     219.2  Infinite     17373
                           9:KAP43         30  0.1000     26.8      211734  0.042600  0.041309      240.9     197.2     295.8      90.7  Infinite      3593
                                               0.0500     27.1      303305  0.041883  0.040727      272.5     223.5     323.9     106.6  Infinite      5024
                                               0.0200     27.2      348207  0.041805  0.040660      265.5     227.7     322.5     107.2  Infinite      5032
                                               0.0000     27.3      397326  0.041724  0.040278      228.9     187.3     242.2      96.6  Infinite      4990
                           10:LHB57        31  0.1000     27.2      245906  0.041470  0.040540      333.2     263.2     439.0     104.6  Infinite      3662
                                               0.0500     27.4      322882  0.041197  0.040252      306.2     266.8     411.7     108.5  Infinite      4072
                                               0.0200     27.6      381826  0.040885  0.040047      325.5     299.6     468.3     119.1  Infinite      4670
                                               0.0000     27.7      413897  0.040762  0.039900      349.9     295.0     446.8     120.2  Infinite      4897
                           11:OWE10        39  0.1000     37.2      222229  0.030107  0.028862      264.0     232.3     310.0     187.4     446.7     26970
                                               0.0500     37.1      326614  0.030289  0.028841      228.1     206.9     254.1     161.6     378.5     20960
                                               0.0200     37.2      381165  0.030370  0.029002      219.4     219.4     268.4     163.1     449.1     17324
                                               0.0000     37.2      412553  0.030370  0.028781      210.6     191.6     226.4     145.3     352.6     16251
                           12:PAA47        31  0.1000     27.5      243028  0.042139  0.040250      160.2     143.1     184.7      66.0  Infinite      2113
                                               0.0500     27.7      338653  0.041511  0.039907      187.6     169.2     217.2      76.4  Infinite      2632
                                               0.0200     27.9      385401  0.041091  0.039620      205.8     184.4     237.5      83.3  Infinite      3028
                                               0.0000     28.0      418581  0.041202  0.039431      178.0     156.4     191.3      79.4  Infinite      3414
                           13:SHB50        31  0.1000     29.7      215938  0.038609  0.037102      206.4     175.4     239.3     146.1     324.9     35191
                                               0.0500     29.8      304592  0.038562  0.036924      188.1     166.4     211.4     138.8     279.4     37995
                                               0.0200     29.9      381075  0.038396  0.036882      198.9     180.9     227.8     146.8     316.9     36979
                                               0.0000     29.9      412218  0.038367  0.036831      199.6     179.3     223.0     142.5     322.6     32177
                           14:SIS05        34  0.1000     32.9      252066  0.034271  0.033169      312.0     256.0     363.0     191.6     666.6     24163
                                               0.0500     32.9      332281  0.034355  0.033184      284.0     247.3     329.1     177.6     655.0     19987
                                               0.0200     32.9      390247  0.034451  0.033294      271.9     252.4     329.8     200.2     491.2     38614
                                               0.0000     32.9      421292  0.034405  0.033269      277.9     257.5     334.6     202.3     508.8     38002
                           15:SIS37        31  0.1000     27.5      225912  0.040244  0.040180     2754.7    1026.3  Infinite     225.3  Infinite      7805
                                               0.0500     27.7      315413  0.039980  0.039706     1028.9     651.0    3987.4     207.6  Infinite      8946
                                               0.0200     27.8      357201  0.039986  0.039515      699.3     466.9    1074.0     184.9  Infinite      9225
                                               0.0000     27.9      394390  0.040240  0.039437      394.6     312.3     490.6     152.3  Infinite      9067

-------------------------------------
Total number of populations =      15
-------------------------------------

Ending time: Wed Jan 21 21:19:59 2026
-------------------------------------

